PLAYER_NAME,0-2 Feet - Very Tight,2-4 Feet - Tight,4-6 Feet - Open,6+ Feet - Wide Open
DeMarcus Cousins_202326_Sacramento Kings_1610612758,0.275,0.354,0.176,0.195
Stephen Curry_201939_Golden State Warriors_1610612744,0.126,0.344,0.368,0.162
James Harden_201935_Houston Rockets_1610612745,0.142,0.476,0.301,0.082
Damian Lillard_203081_Portland Trail Blazers_1610612757,0.178,0.367,0.35,0.106
Kevin Durant_201142_Oklahoma City Thunder_1610612760,0.144,0.492,0.269,0.096
Anthony Davis_203076_New Orleans Pelicans_1610612740,0.204,0.38,0.284,0.133
LeBron James_2544_Cleveland Cavaliers_1610612739,0.198,0.379,0.292,0.132
Carmelo Anthony_2546_New York Knicks_1610612752,0.176,0.449,0.297,0.077
Russell Westbrook_201566_Oklahoma City Thunder_1610612760,0.197,0.384,0.277,0.142
Paul George_202331_Indiana Pacers_1610612754,0.149,0.394,0.327,0.13
CJ McCollum_203468_Portland Trail Blazers_1610612757,0.159,0.372,0.324,0.145
DeMar DeRozan_201942_Toronto Raptors_1610612761,0.213,0.494,0.228,0.065
John Wall_202322_Washington Wizards_1610612764,0.124,0.337,0.362,0.177
Klay Thompson_202691_Golden State Warriors_1610612744,0.1,0.372,0.351,0.177
Blake Griffin_201933_Los Angeles Clippers_1610612746,0.182,0.231,0.292,0.295
Brandon Knight_202688_Phoenix Suns_1610612756,0.125,0.333,0.351,0.19
Isaiah Thomas_202738_Boston Celtics_1610612738,0.205,0.44,0.273,0.083
Kobe Bryant_977_Los Angeles Lakers_1610612747,0.122,0.532,0.268,0.078
Kyrie Irving_202681_Cleveland Cavaliers_1610612739,0.173,0.415,0.263,0.149
Kemba Walker_202689_Charlotte Hornets_1610612766,0.163,0.381,0.334,0.122
Dwyane Wade_2548_Miami Heat_1610612748,0.181,0.51,0.259,0.05
Nikola Vucevic_202696_Orlando Magic_1610612753,0.196,0.401,0.231,0.173
Andrew Wiggins_203952_Minnesota Timberwolves_1610612750,0.289,0.39,0.213,0.107
Derrick Rose_201565_Chicago Bulls_1610612741,0.197,0.446,0.305,0.052
Eric Bledsoe_202339_Phoenix Suns_1610612756,0.116,0.352,0.312,0.22
Brook Lopez_201572_Brooklyn Nets_1610612751,0.236,0.409,0.229,0.126
Reggie Jackson_202704_Detroit Pistons_1610612765,0.197,0.432,0.283,0.088
Kyle Lowry_200768_Toronto Raptors_1610612761,0.177,0.407,0.29,0.127
Jimmy Butler_202710_Chicago Bulls_1610612741,0.207,0.418,0.269,0.106
Kawhi Leonard_202695_San Antonio Spurs_1610612759,0.154,0.351,0.35,0.144
Chris Paul_101108__1610612746,0.063,0.342,0.417,0.179
Gordon Hayward_202330_Utah Jazz_1610612762,0.152,0.315,0.322,0.21
Dirk Nowitzki_1717_Dallas Mavericks_1610612742,0.088,0.443,0.281,0.188
Jahlil Okafor_1626143_Philadelphia 76ers_1610612755,0.286,0.468,0.215,0.03
Bradley Beal_203078_Washington Wizards_1610612764,0.129,0.322,0.327,0.222
Khris Middleton_203114_Milwaukee Bucks_1610612749,0.143,0.488,0.268,0.102
Chris Bosh_2547_Miami Heat_1610612748,0.115,0.33,0.333,0.222
Rudy Gay_200752_Sacramento Kings_1610612758,0.202,0.41,0.238,0.15
Jrue Holiday_201950_New Orleans Pelicans_1610612740,0.196,0.391,0.29,0.123
LaMarcus Aldridge_200746_San Antonio Spurs_1610612759,0.192,0.356,0.212,0.24
Karl-Anthony Towns_1626157_Minnesota Timberwolves_1610612750,0.241,0.307,0.259,0.193
Ryan Anderson_201583_New Orleans Pelicans_1610612740,0.146,0.296,0.326,0.232
Jordan Clarkson_203903_Los Angeles Lakers_1610612747,0.207,0.369,0.295,0.129
Pau Gasol_2200_Chicago Bulls_1610612741,0.196,0.315,0.267,0.222
Marc Gasol_201188_Memphis Grizzlies_1610612763,0.192,0.313,0.276,0.219
Avery Bradley_202340_Boston Celtics_1610612738,0.103,0.396,0.314,0.187
Victor Oladipo_203506_Orlando Magic_1610612753,0.197,0.289,0.322,0.192
Zach Randolph_2216_Memphis Grizzlies_1610612763,0.278,0.355,0.246,0.121
Emmanuel Mudiay_1626144_Denver Nuggets_1610612743,0.152,0.384,0.307,0.157
Danilo Gallinari_201568_Denver Nuggets_1610612743,0.134,0.383,0.363,0.119
Thaddeus Young_201152_Brooklyn Nets_1610612751,0.299,0.422,0.191,0.088
Paul Millsap_200794_Atlanta Hawks_1610612737,0.182,0.394,0.249,0.175
Derrick Favors_202324_Utah Jazz_1610612762,0.284,0.328,0.265,0.123
Andre Drummond_203083_Detroit Pistons_1610612765,0.331,0.55,0.092,0.027
Al Horford_201143__1610612737,0.109,0.265,0.245,0.38
Kevin Love_201567_Cleveland Cavaliers_1610612739,0.127,0.273,0.296,0.304
Giannis Antetokounmpo_203507_Milwaukee Bucks_1610612749,0.225,0.416,0.21,0.149
Monta Ellis_101145_Indiana Pacers_1610612754,0.134,0.394,0.313,0.159
Kentavious Caldwell-Pope_203484_Detroit Pistons_1610612765,0.165,0.35,0.301,0.184
Tyreke Evans_201936__1610612740,0.236,0.383,0.217,0.163
Ish Smith_202397__1610612740,0.16,0.432,0.268,0.139
Nicolas Batum_201587_Charlotte Hornets_1610612766,0.109,0.374,0.319,0.197
Mike Conley_201144_Memphis Grizzlies_1610612763,0.147,0.313,0.332,0.208
Jeff Teague_201952_Atlanta Hawks_1610612737,0.172,0.349,0.248,0.232
Rodney Hood_203918_Utah Jazz_1610612762,0.196,0.334,0.316,0.154
Kristaps Porzingis_204001_New York Knicks_1610612752,0.161,0.36,0.281,0.198
Goran Dragic_201609_Miami Heat_1610612748,0.195,0.355,0.312,0.138
Eric Gordon_201569_New Orleans Pelicans_1610612740,0.077,0.298,0.333,0.292
Will Barton_203115_Denver Nuggets_1610612743,0.193,0.4,0.294,0.112
D'Angelo Russell_1626156_Los Angeles Lakers_1610612747,0.136,0.388,0.321,0.155
Greg Monroe_202328_Milwaukee Bucks_1610612749,0.417,0.413,0.111,0.059
Deron Williams_101114_Dallas Mavericks_1610612742,0.128,0.38,0.323,0.168
Jamal Crawford_2037__1610612746,0.141,0.473,0.289,0.097
Marcus Morris_202694_Detroit Pistons_1610612765,0.111,0.415,0.324,0.149
Jabari Parker_203953_Milwaukee Bucks_1610612749,0.221,0.385,0.248,0.146
Evan Fournier_203095_Orlando Magic_1610612753,0.155,0.287,0.262,0.296
JJ Redick_200755_Los Angeles Clippers_1610612746,0.059,0.336,0.363,0.242
Zach LaVine_203897_Minnesota Timberwolves_1610612750,0.166,0.352,0.314,0.168
Tobias Harris_202699_Detroit Pistons_1610612765,0.26,0.325,0.227,0.188
Devin Booker_1626164_Phoenix Suns_1610612756,0.16,0.418,0.268,0.155
Arron Afflalo_201167_New York Knicks_1610612752,0.112,0.536,0.248,0.104
Markieff Morris_202693_Washington Wizards_1610612764,0.202,0.31,0.287,0.201
Jarrett Jack_101127__1610612751,0.118,0.494,0.287,0.101
Serge Ibaka_201586_Oklahoma City Thunder_1610612760,0.087,0.24,0.288,0.385
Jae Crowder_203109_Boston Celtics_1610612738,0.081,0.337,0.418,0.164
J.R. Smith_2747_Cleveland Cavaliers_1610612739,0.086,0.357,0.321,0.236
Wesley Matthews_202083_Dallas Mavericks_1610612742,0.076,0.275,0.356,0.293
Rajon Rondo_200765_Sacramento Kings_1610612758,0.132,0.374,0.308,0.186
Alec Burks_202692__1610612762,0.251,0.347,0.228,0.174
Norris Cole_202708__1610612740,0.099,0.357,0.36,0.184
Al Jefferson_2744__1610612766,0.25,0.459,0.232,0.059
Chandler Parsons_202718_Dallas Mavericks_1610612742,0.131,0.413,0.324,0.133
Robert Covington_203496_Philadelphia 76ers_1610612755,0.107,0.368,0.371,0.154
Joe Johnson_2207__1610612748,0.164,0.341,0.311,0.183
Trevor Ariza_2772_Houston Rockets_1610612745,0.099,0.259,0.315,0.326
Darren Collison_201954_Sacramento Kings_1610612758,0.142,0.348,0.297,0.213
DeMarre Carroll_201960_Toronto Raptors_1610612761,0.159,0.407,0.27,0.163
Lou Williams_101150_Los Angeles Lakers_1610612747,0.127,0.403,0.33,0.14
Julius Randle_203944_Los Angeles Lakers_1610612747,0.355,0.356,0.151,0.138
Jeff Green_201145_Los Angeles Clippers_1610612763,0.232,0.354,0.23,0.185
Michael Carter-Williams_203487_Milwaukee Bucks_1610612749,0.263,0.425,0.191,0.121
Michael Beasley_201563_Houston Rockets_1610612745,0.195,0.449,0.278,0.078
Marcin Gortat_101162_Washington Wizards_1610612764,0.198,0.539,0.217,0.046
Luol Deng_2736_Miami Heat_1610612748,0.141,0.341,0.299,0.218
Gary Harris_203914_Denver Nuggets_1610612743,0.148,0.357,0.305,0.191
Draymond Green_203110_Golden State Warriors_1610612744,0.239,0.329,0.212,0.22
Elfrid Payton_203901_Orlando Magic_1610612753,0.279,0.379,0.219,0.123
Jared Sullinger_203096_Boston Celtics_1610612738,0.195,0.268,0.254,0.282
George Hill_201588_Indiana Pacers_1610612754,0.137,0.306,0.317,0.24
Trey Burke_203504__1610612762,0.155,0.345,0.368,0.132
CJ Miles_101139__1610612754,0.131,0.364,0.299,0.206
Tony Parker_2225_San Antonio Spurs_1610612759,0.168,0.368,0.315,0.15
Mirza Teletovic_203141_Phoenix Suns_1610612756,0.107,0.337,0.401,0.155
Dennis Schroder_203471_Atlanta Hawks_1610612737,0.155,0.359,0.293,0.193
Kent Bazemore_203145_Atlanta Hawks_1610612737,0.138,0.318,0.197,0.346
Otto Porter_203490_Washington Wizards_1610612764,0.105,0.223,0.37,0.303
Jose Juan Barea_200826_Dallas Mavericks_1610612742,0.124,0.375,0.315,0.185
Harrison Barnes_203084_Golden State Warriors_1610612744,0.139,0.27,0.288,0.304
Bojan Bogdanovic_202711_Brooklyn Nets_1610612751,0.192,0.315,0.266,0.227
Isaiah Canaan_203477_Philadelphia 76ers_1610612755,0.102,0.301,0.381,0.215
TJ Warren_203933_Phoenix Suns_1610612756,0.15,0.391,0.336,0.123
Marco Belinelli_201158_Sacramento Kings_1610612758,0.057,0.329,0.383,0.231
Kenneth Faried_202702_Denver Nuggets_1610612743,0.291,0.46,0.168,0.081
Evan Turner_202323_Boston Celtics_1610612738,0.193,0.452,0.264,0.091
Jeremy Lin_202391_Charlotte Hornets_1610612766,0.163,0.37,0.327,0.141
Hassan Whiteside_202355_Miami Heat_1610612748,0.331,0.431,0.198,0.04
Nikola Mirotic_202703_Chicago Bulls_1610612741,0.097,0.243,0.396,0.263
Marvin Williams_101107_Charlotte Hornets_1610612766,0.149,0.255,0.321,0.274
Matt Barnes_2440_Memphis Grizzlies_1610612763,0.14,0.259,0.367,0.234
Dion Waiters_203079__1610612760,0.136,0.325,0.359,0.18
Omri Casspi_201956_Sacramento Kings_1610612758,0.154,0.293,0.24,0.314
Ersan Ilyasova_101141_Orlando Magic_1610612753,0.15,0.324,0.308,0.218
Jonas Valanciunas_202685_Toronto Raptors_1610612761,0.331,0.48,0.124,0.065
Marcus Thornton_201977_Houston Rockets_1610612745,0.114,0.413,0.315,0.157
Myles Turner_1626167_Indiana Pacers_1610612754,0.172,0.349,0.247,0.232
Hollis Thompson_203138_Philadelphia 76ers_1610612755,0.09,0.319,0.37,0.221
Al-Farouq Aminu_202329__1610612757,0.176,0.236,0.252,0.336
Nerlens Noel_203457_Philadelphia 76ers_1610612755,0.263,0.415,0.173,0.149
Sean Kilpatrick_203930_Brooklyn Nets_1610612751,0.133,0.307,0.367,0.193
Enes Kanter_202683_Oklahoma City Thunder_1610612760,0.305,0.431,0.154,0.11
Marcus Smart_203935_Boston Celtics_1610612738,0.17,0.359,0.308,0.163
Terrence Ross_203082__1610612761,0.062,0.387,0.395,0.156
Raymond Felton_101109_Dallas Mavericks_1610612742,0.13,0.342,0.349,0.179
Gerald Green_101123_Miami Heat_1610612748,0.097,0.388,0.321,0.194
Dwight Howard_2730_Houston Rockets_1610612745,0.344,0.52,0.092,0.043
Jerryd Bayless_201573_Milwaukee Bucks_1610612749,0.101,0.351,0.374,0.174
Patrick Beverley_201976__1610612745,0.081,0.298,0.372,0.249
Allen Crabbe_203459_Portland Trail Blazers_1610612757,0.098,0.344,0.308,0.25
Shabazz Muhammad_203498_Minnesota Timberwolves_1610612750,0.295,0.358,0.2,0.148
Stanley Johnson_1626169_Detroit Pistons_1610612765,0.165,0.301,0.311,0.224
Gary Neal_202390__1610612764,0.139,0.358,0.373,0.13
Courtney Lee_201584_Charlotte Hornets_1610612763,0.131,0.296,0.346,0.227
Robin Lopez_201577_New York Knicks_1610612752,0.382,0.406,0.107,0.104
Kelly Olynyk_203482_Boston Celtics_1610612738,0.173,0.294,0.241,0.292
Alex Len_203458_Phoenix Suns_1610612756,0.288,0.37,0.183,0.16
Shelvin Mack_202714__1610612762,0.124,0.376,0.274,0.226
Doug McDermott_203926_Chicago Bulls_1610612741,0.162,0.332,0.32,0.186
Luis Scola_2449_Toronto Raptors_1610612761,0.163,0.366,0.261,0.21
Jameer Nelson_2749__1610612743,0.075,0.329,0.453,0.143
O.J. Mayo_201564_Milwaukee Bucks_1610612749,0.121,0.336,0.414,0.128
Jerami Grant_203924_Philadelphia 76ers_1610612755,0.314,0.343,0.164,0.179
Jeremy Lamb_203087_Charlotte Hornets_1610612766,0.151,0.435,0.288,0.125
Ricky Rubio_201937_Minnesota Timberwolves_1610612750,0.094,0.283,0.338,0.285
Austin Rivers_203085_Los Angeles Clippers_1610612746,0.194,0.326,0.308,0.172
Kyle Korver_2594_Atlanta Hawks_1610612737,0.068,0.331,0.366,0.236
Rodney Stuckey_201155_Indiana Pacers_1610612754,0.19,0.441,0.247,0.122
Patty Mills_201988_San Antonio Spurs_1610612759,0.059,0.268,0.381,0.292
Jusuf Nurkic_203994_Denver Nuggets_1610612743,0.328,0.494,0.104,0.075
Kevin Martin_2755_San Antonio Spurs_1610612750,0.118,0.47,0.276,0.135
Jordan Hill_201941_Indiana Pacers_1610612754,0.285,0.352,0.219,0.144
Nikola Jokic_203999_Denver Nuggets_1610612743,0.262,0.387,0.2,0.15
Aaron Gordon_203932__1610612753,0.229,0.355,0.198,0.218
Manu Ginobili_1938_San Antonio Spurs_1610612759,0.189,0.279,0.323,0.21
Nik Stauskas_203917_Philadelphia 76ers_1610612755,0.149,0.268,0.294,0.29
Wayne Ellington_201961_Brooklyn Nets_1610612751,0.077,0.317,0.401,0.205
Gerald Henderson_201945_Portland Trail Blazers_1610612757,0.134,0.348,0.329,0.189
Mo Williams_2590__1610612739,0.07,0.421,0.351,0.159
Archie Goodwin_203462_Phoenix Suns_1610612756,0.283,0.39,0.205,0.121
Tony Allen_2754_Memphis Grizzlies_1610612763,0.306,0.365,0.143,0.186
Terrence Jones_203093_Houston Rockets_1610612745,0.299,0.371,0.168,0.162
Mario Chalmers_201596_Memphis Grizzlies_1610612763,0.205,0.366,0.257,0.172
Cory Joseph_202709__1610612761,0.211,0.393,0.276,0.12
Tim Duncan_1495_San Antonio Spurs_1610612759,0.338,0.37,0.161,0.132
Toney Douglas_201962_New Orleans Pelicans_1610612740,0.097,0.318,0.306,0.279
Ramon Sessions_201196_Washington Wizards_1610612764,0.269,0.369,0.201,0.161
Meyers Leonard_203086_Portland Trail Blazers_1610612757,0.065,0.184,0.34,0.412
Langston Galloway_204038_New York Knicks_1610612752,0.112,0.359,0.338,0.19
PJ Tucker_200782_Phoenix Suns_1610612756,0.275,0.28,0.198,0.247
Danny Green_201980_San Antonio Spurs_1610612759,0.093,0.254,0.309,0.343
Gorgui Dieng_203476_Minnesota Timberwolves_1610612750,0.233,0.346,0.241,0.18
Derrick Williams_202682_New York Knicks_1610612752,0.198,0.324,0.306,0.172
Bobby Portis_1626171_Chicago Bulls_1610612741,0.221,0.336,0.223,0.221
Darrell Arthur_201589_Denver Nuggets_1610612743,0.121,0.252,0.338,0.289
Jon Leuer_202720_Phoenix Suns_1610612756,0.174,0.359,0.226,0.241
Carl Landry_201171_Philadelphia 76ers_1610612755,0.197,0.281,0.317,0.205
Nick Young_201156__1610612747,0.059,0.468,0.347,0.126
Lance Stephenson_202362_Memphis Grizzlies_1610612763,0.19,0.329,0.31,0.171
Taj Gibson_201959_Chicago Bulls_1610612741,0.326,0.406,0.216,0.052
Aaron Brooks_201166__1610612741,0.222,0.418,0.279,0.081
Nene_2403_Washington Wizards_1610612764,0.263,0.372,0.216,0.148
Tyler Johnson_204020_Miami Heat_1610612748,0.124,0.372,0.306,0.198
Matthew Dellavedova_203521_Cleveland Cavaliers_1610612739,0.1,0.319,0.303,0.278
Corey Brewer_201147_Houston Rockets_1610612745,0.124,0.396,0.229,0.251
Ben McLemore_203463_Sacramento Kings_1610612758,0.131,0.283,0.318,0.267
E'Twaun Moore_202734_Chicago Bulls_1610612741,0.144,0.391,0.301,0.165
DeAndre Jordan_201599_Los Angeles Clippers_1610612746,0.294,0.474,0.14,0.091
Jason Smith_201160_Orlando Magic_1610612753,0.072,0.186,0.422,0.32
Frank Kaminsky_1626163_Charlotte Hornets_1610612766,0.225,0.291,0.149,0.335
Lance Thomas_202498_New York Knicks_1610612752,0.165,0.322,0.249,0.264
Wesley Johnson_202325_Los Angeles Clippers_1610612746,0.058,0.247,0.392,0.303
Joffrey Lauvergne_203530_Denver Nuggets_1610612743,0.208,0.359,0.224,0.208
Shane Larkin_203499_Brooklyn Nets_1610612751,0.154,0.369,0.289,0.188
Josh Smith_2746_Houston Rockets_1610612745,0.163,0.298,0.212,0.327
Marreese Speights_201578_Golden State Warriors_1610612744,0.18,0.305,0.248,0.266
JaMychal Green_203210_Memphis Grizzlies_1610612763,0.283,0.299,0.246,0.173
Garrett Temple_202066_Washington Wizards_1610612764,0.131,0.232,0.309,0.329
Brandon Jennings_201943__1610612765,0.073,0.314,0.409,0.205
Ian Mahinmi_101133_Indiana Pacers_1610612754,0.332,0.437,0.135,0.096
Mason Plumlee_203486_Portland Trail Blazers_1610612757,0.348,0.452,0.143,0.057
Jose Calderon_101181_New York Knicks_1610612752,0.082,0.303,0.425,0.19
Patrick Patterson_202335_Toronto Raptors_1610612761,0.07,0.293,0.278,0.359
Zaza Pachulia_2585_Dallas Mavericks_1610612742,0.276,0.378,0.157,0.189
PJ Hairston_203798__1610612766,0.125,0.29,0.334,0.251
David Lee_101135_Boston Celtics_1610612742,0.297,0.542,0.121,0.039
Luke Babbitt_202337__1610612740,0.185,0.377,0.199,0.238
Mike Dunleavy_2399_Chicago Bulls_1610612741,0.091,0.342,0.31,0.257
Andrea Bargnani_200745_Brooklyn Nets_1610612751,0.116,0.26,0.325,0.3
Jared Dudley_201162_Washington Wizards_1610612764,0.043,0.183,0.363,0.411
Greivis Vasquez_202349__1610612749,0.101,0.333,0.319,0.246
Cody Zeller_203469_Charlotte Hornets_1610612766,0.272,0.437,0.144,0.146
Justise Winslow_1626159_Miami Heat_1610612748,0.176,0.363,0.204,0.257
Randy Foye_200751__1610612743,0.152,0.324,0.337,0.187
Paul Pierce_1718__1610612746,0.068,0.338,0.37,0.224
Devin Harris_2734_Dallas Mavericks_1610612742,0.134,0.339,0.309,0.218
Rudy Gobert_203497_Utah Jazz_1610612762,0.398,0.455,0.113,0.034
David West_2561_San Antonio Spurs_1610612759,0.226,0.228,0.28,0.266
TJ McConnell_204456_Philadelphia 76ers_1610612755,0.123,0.425,0.276,0.177
Donald Sloan_202388_Brooklyn Nets_1610612751,0.244,0.378,0.266,0.112
Vince Carter_1713_Memphis Grizzlies_1610612763,0.125,0.332,0.394,0.149
Kosta Koufos_201585_Sacramento Kings_1610612758,0.257,0.534,0.163,0.046
D.J. Augustin_201571__1610612760,0.12,0.38,0.314,0.186
Andre Iguodala_2738_Golden State Warriors_1610612744,0.109,0.304,0.37,0.217
Iman Shumpert_202697__1610612739,0.099,0.277,0.343,0.281
Andrew Nicholson_203094_Orlando Magic_1610612753,0.192,0.339,0.15,0.319
Kris Humphries_2743_Washington Wizards_1610612764,0.105,0.241,0.241,0.412
Donatas Motiejunas_202700_Houston Rockets_1610612745,0.181,0.333,0.255,0.23
Leandro Barbosa_2571_Golden State Warriors_1610612744,0.181,0.319,0.27,0.23
Trey Lyles_1626168_Utah Jazz_1610612762,0.154,0.329,0.207,0.31
Amir Johnson_101161_Boston Celtics_1610612738,0.301,0.445,0.152,0.102
Alexis Ajinca_201582_New Orleans Pelicans_1610612740,0.151,0.399,0.241,0.209
Spencer Hawes_201150_Charlotte Hornets_1610612766,0.174,0.295,0.223,0.308
Ty Lawson_201951__1610612745,0.082,0.323,0.343,0.252
Mario Hezonja_1626209_Orlando Magic_1610612753,0.07,0.309,0.379,0.242
Tony Snell_203503_Chicago Bulls_1610612741,0.162,0.28,0.319,0.239
Charlie Villanueva_101111_Dallas Mavericks_1610612742,0.143,0.302,0.262,0.293
Steven Adams_203500_Oklahoma City Thunder_1610612760,0.296,0.519,0.147,0.038
Maurice Harkless_203090_Portland Trail Blazers_1610612757,0.229,0.337,0.197,0.236
Josh Richardson_1626196_Miami Heat_1610612748,0.114,0.404,0.32,0.162
Willie Cauley-Stein_1626161_Sacramento Kings_1610612758,0.208,0.466,0.237,0.089
Dante Cunningham_201967_New Orleans Pelicans_1610612740,0.103,0.296,0.247,0.355
Tim Hardaway Jr._203501__1610612737,0.098,0.318,0.303,0.28
Jason Terry_1891__1610612745,0.07,0.332,0.324,0.273
Markel Brown_203900_Brooklyn Nets_1610612751,0.178,0.319,0.328,0.175
Raul Neto_203526_Utah Jazz_1610612762,0.101,0.29,0.393,0.216
Clint Capela_203991_Houston Rockets_1610612745,0.381,0.492,0.106,0.02
Jerian Grant_1626170_New York Knicks_1610612752,0.225,0.366,0.251,0.159
Seth Curry_203552__1610612758,0.095,0.35,0.318,0.236
John Henson_203089_Milwaukee Bucks_1610612749,0.296,0.591,0.096,0.017
Tristan Thompson_202684_Cleveland Cavaliers_1610612739,0.347,0.481,0.129,0.043
Mike Scott_203118_Atlanta Hawks_1610612737,0.131,0.28,0.24,0.349
Metta World Peace_1897__1610612747,0.175,0.237,0.299,0.288
Boris Diaw_2564_San Antonio Spurs_1610612759,0.326,0.295,0.157,0.222
Roy Hibbert_201579_Los Angeles Lakers_1610612747,0.211,0.409,0.145,0.235
Channing Frye_101112_Orlando Magic_1610612753,0.084,0.224,0.317,0.375
Thabo Sefolosha_200757_Atlanta Hawks_1610612737,0.164,0.265,0.287,0.284
Festus Ezeli_203105_Golden State Warriors_1610612744,0.317,0.489,0.136,0.059
Trevor Booker_202344_Utah Jazz_1610612762,0.279,0.393,0.178,0.15
Anthony Morrow_201627_Oklahoma City Thunder_1610612760,0.075,0.306,0.375,0.243
Tyler Zeller_203092_Boston Celtics_1610612738,0.229,0.34,0.201,0.229
Shaun Livingston_2733_Golden State Warriors_1610612744,0.225,0.527,0.182,0.067
Cameron Payne_1626166__1610612760,0.123,0.357,0.303,0.217
Ronnie Price_101179__1610612756,0.093,0.282,0.362,0.262
Brandon Bass_101138_Los Angeles Lakers_1610612747,0.325,0.423,0.202,0.05
Norman Powell_1626181_Toronto Raptors_1610612761,0.153,0.288,0.336,0.223
Larry Nance Jr._1626204_Los Angeles Lakers_1610612747,0.17,0.343,0.227,0.26
Rondae Hollis-Jefferson_1626178_Brooklyn Nets_1610612751,0.181,0.37,0.297,0.152
Tyson Chandler_2199_Phoenix Suns_1610612756,0.291,0.441,0.153,0.115
Timofey Mozgov_202389_Cleveland Cavaliers_1610612739,0.235,0.433,0.173,0.159
Aron Baynes_203382_Detroit Pistons_1610612765,0.304,0.409,0.139,0.147
Lavoy Allen_202730_Indiana Pacers_1610612754,0.224,0.365,0.197,0.214
Anthony Tolliver_201229_Detroit Pistons_1610612765,0.036,0.127,0.447,0.39
Tim Frazier_204025__1610612740,0.218,0.362,0.245,0.175
Joakim Noah_201149_Chicago Bulls_1610612741,0.432,0.455,0.053,0.061
Chris McCullough_1626191_Brooklyn Nets_1610612751,0.156,0.248,0.312,0.284
Sasha Vujacic_2756__1610612752,0.112,0.304,0.366,0.217
Beno Udrih_2757__1610612748,0.149,0.361,0.263,0.227
JJ Hickson_201581_Washington Wizards_1610612743,0.29,0.477,0.155,0.077
Jonathon Simmons_203613_San Antonio Spurs_1610612759,0.249,0.444,0.178,0.129
Richaun Holmes_1626158_Philadelphia 76ers_1610612755,0.387,0.297,0.09,0.225
Troy Daniels_203584__1610612766,0.07,0.283,0.401,0.246
JaKarr Sampson_203960_Denver Nuggets_1610612755,0.215,0.429,0.199,0.158
Marcelo Huertas_1626273_Los Angeles Lakers_1610612747,0.143,0.396,0.274,0.187
Justin Holiday_203200__1610612741,0.116,0.307,0.347,0.231
Tyus Jones_1626145__1610612750,0.123,0.452,0.245,0.181
Anthony Brown_1626148__1610612747,0.104,0.224,0.416,0.256
Jarell Martin_1626185_Memphis Grizzlies_1610612763,0.293,0.448,0.164,0.095
Tiago Splitter_201168_Atlanta Hawks_1610612737,0.347,0.493,0.127,0.033
Dwight Powell_203939_Dallas Mavericks_1610612742,0.166,0.345,0.267,0.223
Amar'e Stoudemire_2405_Miami Heat_1610612748,0.312,0.421,0.172,0.095
Kevin Seraphin_202338_New York Knicks_1610612752,0.137,0.485,0.23,0.147
James Johnson_201949_Toronto Raptors_1610612761,0.251,0.37,0.191,0.187
Richard Jefferson_2210_Cleveland Cavaliers_1610612739,0.139,0.316,0.335,0.21
Kyle O'Quinn_203124_New York Knicks_1610612752,0.192,0.24,0.369,0.199
CJ Watson_201228__1610612753,0.109,0.38,0.314,0.197
Steve Blake_2581__1610612765,0.067,0.267,0.338,0.329
Ryan Kelly_203527_Los Angeles Lakers_1610612747,0.195,0.315,0.208,0.282
Thomas Robinson_203080_Brooklyn Nets_1610612751,0.354,0.395,0.189,0.062
Ed Davis_202334_Portland Trail Blazers_1610612757,0.532,0.394,0.067,0.006
Tyler Ennis_203898__1610612749,0.214,0.439,0.214,0.134
Andrew Bogut_101106_Golden State Warriors_1610612744,0.223,0.48,0.212,0.084
JaVale McGee_201580_Dallas Mavericks_1610612742,0.291,0.433,0.172,0.104
Andre Roberson_203460_Oklahoma City Thunder_1610612760,0.139,0.341,0.154,0.366
Nemanja Bjelica_202357_Minnesota Timberwolves_1610612750,0.191,0.226,0.296,0.287
Kendall Marshall_203088__1610612755,0.094,0.291,0.325,0.291
Miles Plumlee_203101_Milwaukee Bucks_1610612749,0.3,0.498,0.163,0.039
Kyle Anderson_203937_San Antonio Spurs_1610612759,0.207,0.344,0.248,0.201
Rashad Vaughn_1626173__1610612749,0.125,0.345,0.292,0.239
Cole Aldrich_202332_Los Angeles Clippers_1610612746,0.347,0.507,0.116,0.031
John Jenkins_203098__1610612756,0.094,0.35,0.35,0.206
Jonas Jerebko_201973_Boston Celtics_1610612738,0.177,0.294,0.163,0.365
Shabazz Napier_203894__1610612753,0.085,0.313,0.443,0.159
Quincy Acy_203112_Sacramento Kings_1610612758,0.19,0.281,0.19,0.338
Chase Budinger_201978_Indiana Pacers_1610612756,0.222,0.305,0.318,0.155
Brandon Rush_201575_Golden State Warriors_1610612744,0.069,0.208,0.208,0.515
Joe Ingles_204060__1610612762,0.055,0.223,0.423,0.299
Noah Vonleh_203943_Portland Trail Blazers_1610612757,0.266,0.292,0.157,0.285
Ray McCallum_203492_San Antonio Spurs_1610612763,0.124,0.29,0.372,0.214
Josh McRoberts_201177_Miami Heat_1610612748,0.162,0.277,0.277,0.284
Solomon Hill_203524_Indiana Pacers_1610612754,0.179,0.343,0.271,0.208
James Anderson_202341__1610612758,0.114,0.286,0.343,0.257
Bismack Biyombo_202687_Toronto Raptors_1610612761,0.312,0.461,0.17,0.057
Alonzo Gee_202087_New Orleans Pelicans_1610612740,0.204,0.336,0.208,0.252
Darrun Hilliard_1626199_Detroit Pistons_1610612765,0.145,0.366,0.305,0.183
Drew Gooden_2400__1610612764,0.146,0.252,0.301,0.301
Willie Reed_203186_Brooklyn Nets_1610612751,0.331,0.459,0.128,0.083
Glenn Robinson_203922_Indiana Pacers_1610612754,0.258,0.291,0.325,0.126
Kelly Oubre_1626162_Washington Wizards_1610612764,0.251,0.327,0.232,0.19
Phil Pressey_203515__1610612755,0.247,0.273,0.234,0.247
Axel Toupane_1626253_Denver Nuggets_1610612743,0,0.243,0.457,0.3
Kyle Singler_202713_Oklahoma City Thunder_1610612760,0.122,0.262,0.339,0.276
Jeff Withey_203481_Utah Jazz_1610612762,0.358,0.389,0.173,0.08
Johnny O'Bryant_203948_Milwaukee Bucks_1610612749,0.191,0.33,0.301,0.177
Justin Anderson_1626147_Dallas Mavericks_1610612742,0.109,0.264,0.351,0.276
Kevin Garnett_708_Minnesota Timberwolves_1610612750,0.191,0.287,0.157,0.365
Dewayne Dedmon_203473_Orlando Magic_1610612753,0.311,0.435,0.141,0.113
Robert Sacre_203135_Los Angeles Lakers_1610612747,0.16,0.507,0.16,0.173
Tayshaun Prince_2419_Minnesota Timberwolves_1610612750,0.121,0.281,0.326,0.272
Omer Asik_201600_New Orleans Pelicans_1610612740,0.344,0.536,0.063,0.057
Kirk Hinrich_2550__1610612741,0.124,0.287,0.341,0.248
Luc Mbah a Moute_201601_Los Angeles Clippers_1610612746,0.232,0.357,0.145,0.266
Chris Johnson_203187_Utah Jazz_1610612762,0.124,0.337,0.249,0.29
Tarik Black_204028_Los Angeles Lakers_1610612747,0.346,0.433,0.144,0.077
Chris Andersen_2365_Memphis Grizzlies_1610612763,0.181,0.444,0.139,0.236
Reggie Bullock_203493__1610612765,0.071,0.286,0.408,0.235
Andre Miller_1889_Minnesota Timberwolves_1610612750,0.306,0.367,0.194,0.133
Kostas Papanikolaou_203123__1610612743,0.197,0.273,0.348,0.182
Sonny Weems_201603_Phoenix Suns_1610612756,0.147,0.239,0.367,0.248
Pablo Prigioni_203143__1610612746,0.048,0.245,0.333,0.374
Cristiano Felicio_1626245_Chicago Bulls_1610612741,0.194,0.403,0.139,0.264
Salah Mejri_1626257_Dallas Mavericks_1610612742,0.359,0.423,0.141,0.077
Jason Thompson_201574_Toronto Raptors_1610612761,0.264,0.415,0.17,0.151
Lamar Patterson_203934_Atlanta Hawks_1610612737,0.127,0.177,0.215,0.481
Ryan Hollins_200797_Memphis Grizzlies_1610612763,0.228,0.582,0.139,0.051
Kendrick Perkins_2570_New Orleans Pelicans_1610612740,0.213,0.44,0.187,0.16
Nick Collison_2555_Oklahoma City Thunder_1610612760,0.33,0.422,0.128,0.119
Sergey Karasev_203508_Brooklyn Nets_1610612751,0.068,0.384,0.342,0.205
